0.0 0.0 0 0 0 0 0
0.0002 423531.87224 0 0 0 0 0
0.0004 4233720.0 0 0 0 0 0
0.0006 8839240.0 0 0 0 0 0
0.0008 15035400.0 0 0 0 0 0
0.001 23617400.0 0 0 0 0 0
0.0012 33735700.0 0 0 0 0 0
0.0014 45340000.0 0 0 0 0 0
0.0016 58379800.0 0 0 0 0 0
0.0018 124166000.0 0 0 0 0 0
0.002 152178000.0 0 0 0 0 0
0.0022 182418000.0 0 0 0 0 0
0.0024 214857000.0 0 0 0 0 0
0.0026 250315000.0 0 0 0 0 0
0.0028 287630000.0 0 0 0 0 0
0.003 326759000.0 0 0 0 0 0
0.0032 367661000.0 0 0 0 0 0
0.0034 410819000.0 0 0 0 0 0
0.0036 455387000.0 0 0 0 0 0
0.0038 501200000.0 0 0 0 0 0
0.004 548095000.0 0 0 0 0 0
0.0042 596448000.0 0 0 0 0 0
0.0044 645511000.0 0 0 0 0 0
0.0046 695171000.0 0 0 0 0 0
0.0048 745313000.0 0 0 0 0 0
0.005 795887000.0 0 0 0 0 0
0.0052 846469000.0 0 0 0 0 0
0.0054 896999000.0 0 0 0 0 0
0.0056 947416000.0 0 0 0 0 0
0.0058 997328000.0 0 0 0 0 0
0.006 1046730000.0 0 0 0 0 0
0.0062 1095550000.0 0 0 0 0 0
0.0064 1143720000.0 0 0 0 0 0
0.0066 1190730000.0 0 0 0 0 0
0.0068 1236690000.0 0 0 0 0 0
0.007 1281600000.0 0 0 0 0 0
0.0072 1325460000.0 0 0 0 0 0
0.0074 1367360000.0 0 0 0 0 0
0.0076 1407770000.0 0 0 0 0 0
0.0078 1446600000.0 0 0 0 0 0
0.008 1483810000.0 0 0 0 0 0
0.0082 1518150000.0 0 0 0 0 0
0.0084 1550410000.0 0 0 0 0 0
0.0086 1580450000.0 0 0 0 0 0
0.0088 1608180000.0 0 0 0 0 0
0.009 1632110000.0 0 0 0 0 0
0.0092 1653310000.0 0 0 0 0 0
0.0094 1671760000.0 0 0 0 0 0
0.0096 1687420000.0 0 0 0 0 0
0.0098 1698750000.0 0 0 0 0 0
0.01 1707130000.0 0 0 0 0 0
0.0102 1712650000.0 0 0 0 0 0
0.0104 1715370000.0 0 0 0 0 0
0.0106 1713990000.0 0 0 0 0 0
0.0108 1710010000.0 0 0 0 0 0
0.011 1703540000.0 0 0 0 0 0
0.0112 1694720000.0 0 0 0 0 0
0.0114 1682650000.0 0 0 0 0 0
0.0116 1668660000.0 0 0 0 0 0
0.0118 1652860000.0 0 0 0 0 0
0.012 1635390000.0 0 0 0 0 0
0.0122 1615850000.0 0 0 0 0 0
0.0124 1483920000.0 0 0 0 0 0
0.0126 1476220000.0 0 0 0 0 0
0.0128 1467180000.0 0 0 0 0 0
0.013 1456580000.0 0 0 0 0 0
0.0132 1445060000.0 0 0 0 0 0
0.0134 1432740000.0 0 0 0 0 0
0.0136 1419700000.0 0 0 0 0 0
0.0138 1405890000.0 0 0 0 0 0
0.014 1391690000.0 0 0 0 0 0
0.0142 1377140000.0 0 0 0 0 0
0.0144 1362280000.0 0 0 0 0 0
0.0146 1347110000.0 0 0 0 0 0
0.0148 1331840000.0 0 0 0 0 0
0.015 1316480000.0 0 0 0 0 0
0.0152 1301030000.0 0 0 0 0 0
0.0154 1285600000.0 0 0 0 0 0
0.0156 1270170000.0 0 0 0 0 0
0.0158 1254750000.0 0 0 0 0 0
0.016 1239320000.0 0 0 0 0 0
0.0162 1224060000.0 0 0 0 0 0
0.0164 1208800000.0 0 0 0 0 0
0.0166 1193580000.0 0 0 0 0 0
0.0168 1178410000.0 0 0 0 0 0
0.017 1163370000.0 0 0 0 0 0
0.0172 1148320000.0 0 0 0 0 0
0.0174 1133290000.0 0 0 0 0 0
0.0176 1118310000.0 0 0 0 0 0
0.0178 1103440000.0 0 0 0 0 0
0.018 1088560000.0 0 0 0 0 0
0.0182 1073690000.0 0 0 0 0 0
0.0184 1058840000.0 0 0 0 0 0
0.0186 1044050000.0 0 0 0 0 0
0.0188 1029240000.0 0 0 0 0 0
0.019 1014410000.0 0 0 0 0 0
0.0192 999619000.0 0 0 0 0 0
0.0194 984778000.0 0 0 0 0 0
0.0196 969967000.0 0 0 0 0 0
0.0198 955188000.0 0 0 0 0 0
0.02 940445000.0 0 0 0 0 0
0.0202 925672000.0 0 0 0 0 0
0.0204 910933000.0 0 0 0 0 0
0.0206 896231000.0 0 0 0 0 0
0.0208 881571000.0 0 0 0 0 0
0.021 866910000.0 0 0 0 0 0
0.0212 852251000.0 0 0 0 0 0
0.0214 837633000.0 0 0 0 0 0
0.0216 823093000.0 0 0 0 0 0
0.0218 808614000.0 0 0 0 0 0
0.022 794181000.0 0 0 0 0 0
0.0222 779806000.0 0 0 0 0 0
0.0224 765503000.0 0 0 0 0 0
0.0226 751328000.0 0 0 0 0 0
0.0228 737212000.0 0 0 0 0 0
0.023 723189000.0 0 0 0 0 0
0.0232 709294000.0 0 0 0 0 0
0.0234 695484000.0 0 0 0 0 0
0.0236 681778000.0 0 0 0 0 0
0.0238 668184000.0 0 0 0 0 0
0.024 654710000.0 0 0 0 0 0
0.0242 641382000.0 0 0 0 0 0
0.0244 628207000.0 0 0 0 0 0
0.0246 615168000.0 0 0 0 0 0
0.0248 602246000.0 0 0 0 0 0
0.025 589444000.0 0 0 0 0 0
0.0252 576865000.0 0 0 0 0 0
0.0254 564448000.0 0 0 0 0 0
0.0256 552133000.0 0 0 0 0 0
0.0258 539942000.0 0 0 0 0 0
0.026 527968000.0 0 0 0 0 0
0.0262 516157000.0 0 0 0 0 0
0.0264 504457000.0 0 0 0 0 0
0.0266 492907000.0 0 0 0 0 0
0.0268 481566000.0 0 0 0 0 0
0.027 470396000.0 0 0 0 0 0
0.0272 459359000.0 0 0 0 0 0
0.0274 448431000.0 0 0 0 0 0
0.0276 437593000.0 0 0 0 0 0
0.0278 426904000.0 0 0 0 0 0
0.028 416422000.0 0 0 0 0 0
0.0282 406044000.0 0 0 0 0 0
0.0284 395694000.0 0 0 0 0 0
0.0286 385387000.0 0 0 0 0 0
0.0288 375142000.0 0 0 0 0 0
0.029 365352000.0 0 0 0 0 0
0.0292 355571000.0 0 0 0 0 0
0.0294 345729000.0 0 0 0 0 0
0.0296 335754000.0 0 0 0 0 0
0.0298 325972000.0 0 0 0 0 0
0.03 316507000.0 0 0 0 0 0
0.0302 307242000.0 0 0 0 0 0
0.0304 298061000.0 0 0 0 0 0
0.0306 288742000.0 0 0 0 0 0
0.0308 279458000.0 0 0 0 0 0
0.031 270388000.0 0 0 0 0 0
0.0312 261708000.0 0 0 0 0 0
0.0314 253444000.0 0 0 0 0 0
0.0316 245174000.0 0 0 0 0 0
0.0318 236892000.0 0 0 0 0 0
0.032 228598000.0 0 0 0 0 0
0.0322 220684000.0 0 0 0 0 0
0.0324 213174000.0 0 0 0 0 0
0.0326 205999000.0 0 0 0 0 0
0.0328 199087000.0 0 0 0 0 0
0.033 192246000.0 0 0 0 0 0
0.0332 185496000.0 0 0 0 0 0
0.0334 178918000.0 0 0 0 0 0
0.0336 172593000.0 0 0 0 0 0
0.0338 166901000.0 0 0 0 0 0
0.034 161346000.0 0 0 0 0 0
0.0342 155945000.0 0 0 0 0 0
0.0344 150716000.0 0 0 0 0 0
0.0346 145509000.0 0 0 0 0 0
0.0348 140536000.0 0 0 0 0 0
0.035 135826000.0 0 0 0 0 0
0.0352 131408000.0 0 0 0 0 0
0.0354 127189000.0 0 0 0 0 0
0.0356 123111000.0 0 0 0 0 0
0.0358 119136000.0 0 0 0 0 0
0.036 115230000.0 0 0 0 0 0
0.0362 111490000.0 0 0 0 0 0
0.0364 107907000.0 0 0 0 0 0
0.0366 104486000.0 0 0 0 0 0
0.0368 101231000.0 0 0 0 0 0
0.037 98120400.0 0 0 0 0 0
0.0372 95093500.0 0 0 0 0 0
0.0374 92144800.0 0 0 0 0 0
0.0376 89268500.0 0 0 0 0 0
0.0378 86481800.0 0 0 0 0 0
0.038 83808200.0 0 0 0 0 0
0.0382 81227500.0 0 0 0 0 0
0.0384 78719200.0 0 0 0 0 0
0.0386 76341300.0 0 0 0 0 0
0.0388 74032500.0 0 0 0 0 0
0.039 71781700.0 0 0 0 0 0
0.0392 69577300.0 0 0 0 0 0
0.0394 67470700.0 0 0 0 0 0
0.0396 65380800.0 0 0 0 0 0
0.0398 63369100.0 0 0 0 0 0
0.04 61497300.0 0 0 0 0 0
0.0402 59620300.0 0 0 0 0 0
0.0404 57828400.0 0 0 0 0 0
0.0406 56094900.0 0 0 0 0 0
0.0408 54393200.0 0 0 0 0 0
0.041 52721500.0 0 0 0 0 0
0.0412 51103300.0 0 0 0 0 0
0.0414 49527600.0 0 0 0 0 0
0.0416 47983100.0 0 0 0 0 0
0.0418 46525900.0 0 0 0 0 0
0.042 45143600.0 0 0 0 0 0
0.0422 43798200.0 0 0 0 0 0
0.0424 42451700.0 0 0 0 0 0
0.0426 41131800.0 0 0 0 0 0
0.0428 39858800.0 0 0 0 0 0
0.043 38628200.0 0 0 0 0 0
0.0432 37435100.0 0 0 0 0 0
0.0434 36302900.0 0 0 0 0 0
0.0436 35211400.0 0 0 0 0 0
0.0438 34134800.0 0 0 0 0 0
0.044 33047500.0 0 0 0 0 0
0.0442 32033500.0 0 0 0 0 0
0.0444 31051800.0 0 0 0 0 0
0.0446 30102800.0 0 0 0 0 0
0.0448 29186900.0 0 0 0 0 0
0.045 28270400.0 0 0 0 0 0
0.0452 27391500.0 0 0 0 0 0
0.0454 26551000.0 0 0 0 0 0
0.0456 25749900.0 0 0 0 0 0
0.0458 24953300.0 0 0 0 0 0
0.046 24192800.0 0 0 0 0 0
0.0462 23449900.0 0 0 0 0 0
0.0464 22705900.0 0 0 0 0 0
0.0466 22011500.0 0 0 0 0 0
0.0468 21301200.0 0 0 0 0 0
0.047 20607600.0 0 0 0 0 0
0.0472 19963700.0 0 0 0 0 0
0.0474 19322300.0 0 0 0 0 0
0.0476 18718400.0 0 0 0 0 0
0.0478 18134400.0 0 0 0 0 0
0.048 17552500.0 0 0 0 0 0
0.0482 17024600.0 0 0 0 0 0
0.0484 16495900.0 0 0 0 0 0
0.0486 15990900.0 0 0 0 0 0
0.0488 15534000.0 0 0 0 0 0
0.049 15053800.0 0 0 0 0 0
0.0492 14558800.0 0 0 0 0 0
0.0494 14063800.0 0 0 0 0 0
0.0496 13583900.0 0 0 0 0 0
0.0498 13158900.0 0 0 0 0 0
0.05 12784700.0 0 0 0 0 0
0.0502 12404600.0 0 0 0 0 0
0.0504 11961700.0 0 0 0 0 0
0.0506 11593300.0 0 0 0 0 0
0.0508 11224100.0 0 0 0 0 0
0.051 10871700.0 0 0 0 0 0
0.0512 10553700.0 0 0 0 0 0
0.0514 10181700.0 0 0 0 0 0
0.0516 9844560.0 0 0 0 0 0
0.0518 9549860.0 0 0 0 0 0
0.052 9305060.0 0 0 0 0 0
0.0522 8965750.0 0 0 0 0 0
0.0524 8676700.0 0 0 0 0 0
0.0526 8413150.0 0 0 0 0 0
0.0528 8150290.0 0 0 0 0 0
0.053 7887700.0 0 0 0 0 0
0.0532 7624790.0 0 0 0 0 0
0.0534 7386240.0 0 0 0 0 0
0.0536 7196700.0 0 0 0 0 0
0.0538 6910640.0 0 0 0 0 0
0.054 6673670.0 0 0 0 0 0
0.0542 6461280.0 0 0 0 0 0
0.0544 6248940.0 0 0 0 0 0
0.0546 6037050.0 0 0 0 0 0
0.0548 5860660.0 0 0 0 0 0
0.055 5684740.0 0 0 0 0 0
0.0552 5474230.0 0 0 0 0 0
0.0554 5316820.0 0 0 0 0 0
0.0556 5159450.0 0 0 0 0 0
0.0558 5002050.0 0 0 0 0 0
0.056 4844550.0 0 0 0 0 0
0.0562 4686640.0 0 0 0 0 0
0.0564 4528390.0 0 0 0 0 0
0.0566 4369890.0 0 0 0 0 0
0.0568 4211230.0 0 0 0 0 0
0.057 4105110.0 0 0 0 0 0
0.0572 3963970.0 0 0 0 0 0
0.0574 3822970.0 0 0 0 0 0
0.0576 3717280.0 0 0 0 0 0
0.0578 3559360.0 0 0 0 0 0
0.058 3436670.0 0 0 0 0 0
0.0582 3331680.0 0 0 0 0 0
0.0584 3226830.0 0 0 0 0 0
0.0586 3121990.0 0 0 0 0 0
0.0588 3017030.0 0 0 0 0 0
0.059 2911960.0 0 0 0 0 0
0.0592 2806780.0 0 0 0 0 0
0.0594 2753990.0 0 0 0 0 0
0.0596 2666010.0 0 0 0 0 0
0.0598 2560410.0 0 0 0 0 0
0.06 2454800.0 0 0 0 0 0
0.0602 2401840.0 0 0 0 0 0
0.0604 2313880.0 0 0 0 0 0
0.0606 2226010.0 0 0 0 0 0
0.0608 2173330.0 0 0 0 0 0
0.061 2120790.0 0 0 0 0 0
0.0612 2033260.0 0 0 0 0 0
0.0614 1945780.0 0 0 0 0 0
0.0616 1893400.0 0 0 0 0 0
0.0618 1840990.0 0 0 0 0 0
0.062 1788530.0 0 0 0 0 0
0.0622 1736000.0 0 0 0 0 0
0.0624 1683420.0 0 0 0 0 0
0.0626 1630750.0 0 0 0 0 0
0.0628 1578020.0 0 0 0 0 0
0.063 1525250.0 0 0 0 0 0
0.0632 1472490.0 0 0 0 0 0
0.0634 1419740.0 0 0 0 0 0
0.0636 1367010.0 0 0 0 0 0
0.0638 1314330.0 0 0 0 0 0
0.064 1261700.0 0 0 0 0 0
0.0642 1209140.0 0 0 0 0 0
0.0644 1191640.0 0 0 0 0 0
0.0646 1174180.0 0 0 0 0 0
0.0648 1121690.0 0 0 0 0 0
0.065 1069210.0 0 0 0 0 0
0.0652 1016690.0 0 0 0 0 0
0.0654 981691.29825 0 0 0 0 0
0.0656 981729.52732 0 0 0 0 0
0.0658 929143.07477 0 0 0 0 0
0.066 911581.31508 0 0 0 0 0
0.0662 894000.87214 0 0 0 0 0
0.0664 841358.39785 0 0 0 0 0
0.0666 841285.84003 0 0 0 0 0
0.0668 806165.39238 0 0 0 0 0
0.067 771051.5352 0 0 0 0 0
0.0672 770998.73892 0 0 0 0 0
0.0674 718409.35106 0 0 0 0 0
0.0676 700867.19595 0 0 0 0 0
0.0678 683340.30536 0 0 0 0 0
0.068 630796.68816 0 0 0 0 0
0.0682 630824.84963 0 0 0 0 0
0.0684 595808.24636 0 0 0 0 0
0.0686 560791.61933 0 0 0 0 0
0.0688 560819.70958 0 0 0 0 0
0.069 560839.23109 0 0 0 0 0
0.0692 525796.53606 0 0 0 0 0
0.0694 490744.82357 0 0 0 0 0
0.0696 490737.30626 0 0 0 0 0
0.0698 490718.06687 0 0 0 0 0
0.07 455645.12171 0 0 0 0 0
0.0702 420569.76228 0 0 0 0 0
0.0704 420543.28368 0 0 0 0 0
0.0706 420518.16898 0 0 0 0 0
0.0708 420496.48381 0 0 0 0 0
0.071 402953.13443 0 0 0 0 0
0.0712 350389.29648 0 0 0 0 0
0.0714 350386.47868 0 0 0 0 0
0.0716 350388.12597 0 0 0 0 0
0.0718 350393.61405 0 0 0 0 0
0.072 350402.31289 0 0 0 0 0
0.0722 297857.09774 0 0 0 0 0
0.0724 280338.40128 0 0 0 0 0
0.0726 280345.17752 0 0 0 0 0
0.0728 280350.10537 0 0 0 0 0
0.073 280350.71909 0 0 0 0 0
0.0732 280347.98453 0 0 0 0 0
0.0734 280341.91151 0 0 0 0 0
0.0736 280332.51485 0 0 0 0 0
0.0738 227767.02687 0 0 0 0 0
0.074 210228.98051 0 0 0 0 0
0.0742 210217.82975 0 0 0 0 0
0.0744 210206.75136 0 0 0 0 0
0.0746 210197.05827 0 0 0 0 0
0.0748 210189.1446 0 0 0 0 0
0.075 210183.25985 0 0 0 0 0
0.0752 210179.65047 0 0 0 0 0
0.0754 210179.35896 0 0 0 0 0
0.0756 175150.51749 0 0 0 0 0
0.0758 140122.7524 0 0 0 0 0
0.076 140125.68843 0 0 0 0 0
0.0762 140129.02825 0 0 0 0 0
0.0764 140131.95778 0 0 0 0 0
0.0766 140134.17929 0 0 0 0 0
0.0768 140135.39607 0 0 0 0 0
0.077 140134.50016 0 0 0 0 0
0.0772 140132.02247 0 0 0 0 0
0.0774 140127.94881 0 0 0 0 0
0.0776 140122.26737 0 0 0 0 0
0.0778 140114.62977 0 0 0 0 0
0.078 140106.09891 0 0 0 0 0
0.0782 140096.9836 0 0 0 0 0
0.0784 140087.59355 0 0 0 0 0
0.0786 87556.93594 0 0 0 0 0
0.0788 70035.55224 0 0 0 0 0
0.079 70032.28768 0 0 0 0 0
0.0792 70029.72345 0 0 0 0 0
0.0794 70028.45272 0 0 0 0 0
0.0796 70028.04685 0 0 0 0 0
0.0798 70028.07373 0 0 0 0 0
0.08 70028.1006 0 0 0 0 0
0.0802 70028.12748 0 0 0 0 0
0.0804 70028.15436 0 0 0 0 0
0.0806 70028.18124 0 0 0 0 0
0.0808 70028.20812 0 0 0 0 0
0.081 70028.23499 0 0 0 0 0
0.0812 70028.26187 0 0 0 0 0
0.0814 70028.28875 0 0 0 0 0
0.0816 70028.31563 0 0 0 0 0
0.0818 70028.34251 0 0 0 0 0
0.082 70028.36938 0 0 0 0 0
0.0822 70028.39626 0 0 0 0 0
0.0824 70028.42314 0 0 0 0 0
0.0826 70028.45002 0 0 0 0 0
0.0828 70028.4769 0 0 0 0 0
0.083 70028.50377 0 0 0 0 0
0.0832 70028.53065 0 0 0 0 0
0.0834 70028.55753 0 0 0 0 0
0.0836 70028.58441 0 0 0 0 0
0.0838 70028.61129 0 0 0 0 0
0.084 70028.63816 0 0 0 0 0
0.0842 70028.66504 0 0 0 0 0
0.0844 70028.69192 0 0 0 0 0
0.0846 70028.7188 0 0 0 0 0
0.0848 70028.74568 0 0 0 0 0
0.085 70028.77255 0 0 0 0 0
0.0852 70028.79943 0 0 0 0 0
0.0854 70028.82631 0 0 0 0 0
0.0856 70028.85319 0 0 0 0 0
0.0858 70028.88007 0 0 0 0 0
0.086 70028.90694 0 0 0 0 0
0.0862 70028.93382 0 0 0 0 0
0.0864 70028.9607 0 0 0 0 0
0.0866 70028.98758 0 0 0 0 0
0.0868 70029.01446 0 0 0 0 0
0.087 70029.04133 0 0 0 0 0
0.0872 70029.06821 0 0 0 0 0
0.0874 70029.09509 0 0 0 0 0
0.0876 70029.12197 0 0 0 0 0
0.0878 70029.14885 0 0 0 0 0
0.088 70029.17572 0 0 0 0 0
0.0882 70029.2026 0 0 0 0 0
0.0884 70029.22948 0 0 0 0 0
0.0886 70029.25636 0 0 0 0 0
0.0888 70029.28324 0 0 0 0 0
0.089 70029.31011 0 0 0 0 0
0.0892 70029.33699 0 0 0 0 0
0.0894 70029.36387 0 0 0 0 0
0.0896 70029.39075 0 0 0 0 0
0.0898 70029.41763 0 0 0 0 0
0.09 70029.4445 0 0 0 0 0
0.0902 70029.47138 0 0 0 0 0
0.0904 70029.49826 0 0 0 0 0
0.0906 70029.52514 0 0 0 0 0
0.0908 70029.55202 0 0 0 0 0
0.091 70029.57889 0 0 0 0 0
0.0912 70029.60577 0 0 0 0 0
0.0914 70029.63265 0 0 0 0 0
0.0916 70029.65953 0 0 0 0 0
0.0918 70029.68641 0 0 0 0 0
0.092 70029.71329 0 0 0 0 0
0.0922 70029.74016 0 0 0 0 0
0.0924 70029.76704 0 0 0 0 0
0.0926 70029.79392 0 0 0 0 0
0.0928 70029.8208 0 0 0 0 0
0.093 70029.84768 0 0 0 0 0
0.0932 70029.87455 0 0 0 0 0
0.0934 70029.90143 0 0 0 0 0
0.0936 70029.92831 0 0 0 0 0
0.0938 70029.95519 0 0 0 0 0
0.094 70029.98207 0 0 0 0 0
0.0942 70030.00894 0 0 0 0 0
0.0944 70030.03582 0 0 0 0 0
0.0946 70030.0627 0 0 0 0 0
0.0948 70030.08958 0 0 0 0 0
0.095 70030.11646 0 0 0 0 0
0.0952 70030.14333 0 0 0 0 0
0.0954 70030.17021 0 0 0 0 0
0.0956 70030.19709 0 0 0 0 0
0.0958 70030.22397 0 0 0 0 0
0.096 70030.25085 0 0 0 0 0
0.0962 70030.27772 0 0 0 0 0
0.0964 70030.3046 0 0 0 0 0
0.0966 70030.33148 0 0 0 0 0
0.0968 70030.35836 0 0 0 0 0
0.097 70030.38524 0 0 0 0 0
0.0972 70030.41211 0 0 0 0 0
0.0974 70030.43899 0 0 0 0 0
0.0976 70030.46587 0 0 0 0 0
0.0978 70030.49275 0 0 0 0 0
0.098 70030.51963 0 0 0 0 0
0.0982 70030.5465 0 0 0 0 0
0.0984 70030.57338 0 0 0 0 0
0.0986 70030.60026 0 0 0 0 0
0.0988 70030.62714 0 0 0 0 0
0.099 70030.65402 0 0 0 0 0
0.0992 70030.68089 0 0 0 0 0
0.0994 70030.70777 0 0 0 0 0
0.0996 70030.73465 0 0 0 0 0
0.0998 70030.76153 0 0 0 0 0
